453
345
555
156
36
253
92
33
399
590
206
334
703
597
207
110
159
76
125
305
965
407
249
2340
99
408
232
1336
3489
140
454
719
947
3481
401
830
458
2207
385
174
190
51
63
195
164
64
111
106
130
68
52
180
259
224
670
168
3865
576
227
391
259
614
2664
934
135
1541
552
5384
882
678
903
1028
508
713
1382
1005
475
546
596
443
2961
134
847
376
240
1859
2533
1024
843
3142
209
321
4
132
886
615
938
172
186
108
293
55
554
137
401
181
40
201
228
117
197
398
236
30
264
154
147
105
141
77
90
105
210
39
437
248
50
352
252
253
173
87
78
27
83
60
60
68
78